148.550999999999987722 29.620999999999998664
174.232499999999987494 31.455400000000000915
173.315300000000007685 57.136899999999997135
147.175199999999989586 55.302500000000001990
228.805700000000001637 166.741999999999990223
253.570099999999996498 168.117799999999988358
253.570099999999996498 194.258000000000009777
227.429900000000003502 192.423599999999993315
353.544600000000002638 263.964999999999974989
379.684700000000020736 265.799399999999991451
378.767499999999984084 291.022299999999972897
352.627400000000022828 289.187900000000013279
