130.206999999999993634 44.296199999999998909
156.347100000000011732 46.589199999999998170
154.971300000000013597 72.729299999999994952
129.289800000000013824 71.353499999999996817
210.461800000000010868 182.334399999999988040
236.143300000000010641 184.168800000000004502
235.684699999999992315 209.850300000000004275
209.086000000000012733 207.098700000000008004
335.659199999999998454 279.557299999999997908
360.423600000000021737 281.391700000000014370
360.882200000000011642 306.156099999999980810
335.200600000000008549 304.321700000000021191
