0.000000000000000000 0.000000000000000000
50.000000000000000000 0.000000000000000000
50.000000000000000000 50.000000000000000000
0.000000000000000000 50.000000000000000000
160.000000000000000000 240.000000000000000000
210.000000000000000000 240.000000000000000000
210.000000000000000000 290.000000000000000000
160.000000000000000000 290.000000000000000000
400.000000000000000000 400.000000000000000000
450.000000000000000000 400.000000000000000000
450.000000000000000000 450.000000000000000000
400.000000000000000000 450.000000000000000000
