begin
 [104.55908203   92.09687805   38.69708252   28.60890198  -24.70129395
   -32.24411011  -33.00308228  -35.43768311  -40.0213623  -112.05401611
   190.60976028   76.61660767   72.45231628   27.53308105   23.06959534
    -4.47067261  -13.72496033  -19.15396118  -34.3994751   -34.3994751
   -40.78320312  -56.76651001  -57.99835205  -78.28494263  -93.58575439
   182.81184387  140.48866272  116.18833923   85.98756409   85.98756409
    70.99079895   71.55500793   12.06465149   -5.68087769  -33.19345093
   -81.15341187  -81.15341187  107.20256042   -6.27102661  -29.03604126
   -60.40615845  109.55789185   12.2635498    -4.41680908   -4.41680908
   -46.34732056   48.0803833    29.54690552   24.60244751  -21.55932617]
 [-169.7038269  -210.97259521 -214.20483398 -105.90182495   86.48594666
  -241.34313965  174.03713989 -176.93103027 -201.95251465 -113.36691284
   296.5706768   212.84518433  134.63043213  -69.96569824 -193.78216553
  -216.07061768  172.78292847  149.47245789  180.58052063  180.58052063
   204.78496552 -281.31213379 -178.88076782 -126.28326416 -158.54220581
   301.7703743   302.76928902  300.11455536 -164.17037964 -164.17037964
   168.96464539  122.7288208   159.39004517  244.40569305  153.29794312
    80.52366638   80.52366638   52.78186035  137.85852051    1.04870605
  -272.31262207 -153.66217041  171.58863831  216.5510788   216.5510788
   116.82408142  147.33564758  138.10133362  107.75367737  166.39179993]
 [122.29663086  122.85309601   77.14137268   50.66215515   13.14788818
    21.53175354    8.95669556   -5.1151886     0.47395325 -108.58642578
    41.97148132  105.57073975  115.57182312   50.70541382   57.26707458
    39.31201172   28.02096558   19.49465942    6.22746277    6.22746277
    -1.57060242    9.16653442  -27.00854492  -68.95114136  -69.82772827
    34.70721436   -5.36167908  -28.42926025  103.55915833  103.55915833
   110.07621765  113.02617645   56.6191864    28.53782654    4.15783691
   -51.79696655  -51.79696655  126.29976654   29.60951233   -6.99331665
     2.3506012   120.40435791   56.67137146   32.80038452   32.80038452
   -14.09866333   88.6640625    68.30358887   63.8470459    20.84846497]
 [-154.03930664 -195.68145752 -206.92419434 -101.97668457   84.91026306
  -245.64923096  174.00158691 -181.54147339 -207.79370117 -128.43566895
   307.74616337  217.9797287   140.4223175   -66.91363525 -189.6942749
  -216.90692139  173.05580139  150.45083618  180.29667664  180.29667664
   205.3469696  -289.81365967 -186.96408081 -137.4487915  -171.30102539
   312.66622019  312.23381615  308.58437252 -150.71569824 -150.71569824
   174.38578796  127.80012512  160.9131012   245.76963043  151.6754303
    75.26184082   75.26184082   60.93792725  136.95751953   -4.41531372
  -282.99346924 -137.33435059  173.80836487  217.87845612  217.87845612
   114.7598877   150.98135376  140.51615906  110.5408783   166.8065033 ]
end
begin
 [84.16043091   17.34757996    7.25828552    0.63230896    0.47395325
    -5.1151886   -12.26689148  -29.24090576  -85.67382812  -88.32974243
   -91.39746094 -108.58642578 -154.90701294  116.99977112  116.99977112
    41.97148132   39.31201172   19.49465942   -1.57060242   -2.36920166
    -2.36920166   -9.84945679  -28.83087158  -48.96063232  -61.5491333
   -76.05557251  -80.10684204  106.31462097   39.07446289   34.70721436
     6.22746277    6.22746277    4.15783691   -5.36167908  -28.42926025
   -51.79696655  -51.79696655  -78.18197632   96.98136902   29.60951233
     1.32652283   -4.01242065   56.67137146   43.55541992   42.43319702
   -14.09866333 -202.05865479 -202.05865479   88.6640625   -39.0390625
    20.84846497   20.84846497   -6.10856628]
 [-145.13806152 -208.93713379  110.9412384  -198.92980957 -207.79370117
  -181.54147339 -199.71026611 -198.730896     16.19815063    4.98077393
  -127.1817627  -128.43566895 -130.12860107  301.26220512  301.26220512
   307.74616337 -216.90692139  150.45083618  205.3469696  -175.63439941
  -175.63439941  -35.64096069  124.75149536  296.04847527 -157.48376465
  -144.38439941  207.71992493  142.56774902    8.76202393  312.66622019
   180.29667664  180.29667664  151.6754303   312.23381615  308.58437252
    75.26184082   75.26184082  233.73643494   67.19873047  136.95751953
   119.86878967 -260.95501709  173.80836487  148.45436096  113.16125488
   114.7598877  -141.60571289 -141.60571289  150.98135376   71.95349121
   166.8065033   166.8065033   190.34353638]
 [82.88020325   54.35949707   38.48661804   33.93347168   37.97392273
    20.62562561   22.57595825    7.51617432 -222.23260498 -223.06298828
   -86.8755188  -102.7677002  -152.85400391  -68.43826294  -68.43826294
  -139.85845947   75.44421387   54.75108337   37.56697083   22.80357361
    22.80357361    5.59446716   -0.90254211 -228.10531616  -43.38870239
   -63.6428833   -55.25689697  133.02490997   54.47262573 -147.32437134
    46.29173279   46.29173279   39.70777893 -185.93319702 -208.48831177
   -18.45953369  -18.45953369  -53.54022217  107.61717224   59.14225769
    33.03266907   53.80348206   92.99986267   78.26144409   72.38441467
    18.34922791 -206.01062012 -206.01062012  115.90763855   -4.86088562
    59.28526306   59.28526306   35.96937561]
 [-132.38183594 -201.52783203  104.65464783 -196.05755615 -204.11425781
  -180.68725586 -198.87609863 -200.54602051   -2.6706543   -12.84606934
  -143.48312378 -146.77658081 -156.13040161  301.13860703  301.13860703
   305.07450581 -206.70056152  144.52079773  196.00508881 -174.54449463
  -174.54449463  -39.02258301  115.65534973  289.7155304  -166.89422607
  -157.44146729  195.26332092  141.41143799    8.86993408  309.64535904
   171.58493042  171.58493042  142.95085144  307.84593296  303.64739799
    65.84194946   65.84194946  221.67471313   70.05181885  129.93206787
   113.47525024 -255.03509521  167.9359436   144.33427429  108.80293274
   107.74006653 -176.76422119 -176.76422119  147.66043091   63.75653076
   159.07060242  159.07060242  180.64498901]
end
begin
 [132.6558609    94.38850403   86.31803894   70.98236084   68.82176208
    37.56697083   31.01564026  -18.69067383  -35.37503052  -43.38870239
   -66.04776001  -86.8755188  -102.7677002  -109.959198    137.84962463
   123.52719879  107.01307678   54.35949707   38.14546204   22.80357361
    15.88967896   -0.90254211  -11.68252563  -22.95498657  -26.53646851
   -55.25689697  -63.6428833   -63.6428833   133.02490997  120.3130188
   111.92254639  106.50627136   72.25360107   72.25360107   46.29173279
    46.29173279   39.70777893   11.72755432  -18.45953369  -53.54022217
   -73.08392334   72.69839478   72.69839478   59.14225769  -19.706604
   -24.30554199  -30.51831055  -46.00024414   78.26144409   48.00456238
    18.34922791  -22.88244629  -22.88244629  -86.64105225   77.48886108
    -4.86088562  103.56442261   59.28526306   59.28526306   35.96937561
    -8.05636597   68.55769348   -7.49597168]
 [287.49565887 -160.89007568  278.56267929 -145.75872803 -180.92108154
   196.00508881   85.27467346 -112.07546997  211.16610718 -166.89422607
   222.21852875 -143.48312378 -146.77658081 -124.42559814  127.72387695
   276.08629227  271.27586746 -201.52783203  219.67141724 -174.54449463
    91.97898865  115.65534973 -150.02453613  -94.15829468 -162.54425049
   195.26332092 -157.44146729 -157.44146729  141.41143799  295.68611526
   297.2962532   304.71720314  302.45352364  302.45352364  171.58493042
   171.58493042  142.95085144 -103.14282227   65.84194946  221.67471313
  -135.45657349  302.97597122  302.97597122  129.93206787  222.50284576
   137.68037415 -102.57592773 -112.70056152  144.33427429  210.75167084
   107.74006653 -276.96813965 -276.96813965 -248.00701904  165.25856018
    63.75653076  162.76542664  159.07060242  159.07060242  180.64498901
   113.13439941  130.7461853   -93.03030396]
 [-56.12841797   90.05201721  -98.0229187    63.16708374   76.17422485
    47.32318115   42.16827393  -10.70967102  -25.53366089  -30.07440186
   -56.98690796  -81.39407349  -94.78356934 -112.34454346  126.87965393
   -61.4770813   -76.61471558   72.40699768   42.91722107   35.09880066
    27.28208923    8.10470581   -3.02241516  -17.19036865  -16.1161499
   -45.04379272  -52.71670532  -52.71670532  123.40599823  -68.90811157
   -77.17181396  -83.01025391 -114.13870239 -114.13870239   56.47581482
    56.47581482   47.43243408   21.34181213   -2.32377625  -44.19094849
   -70.1550293  -114.13870239 -114.13870239   60.86148071   -7.97688293
   -11.80010986  -24.27075195  -40.96987915   81.68962097   51.3634491
    28.20715332  -50.64163208  -50.64163208  -50.64163208   82.16903687
    10.58392334  101.16494751   66.61018372   66.61018372   48.76324463
     2.82711792   69.21859741  -15.40542603]
 [270.09007645 -153.43920898  259.01940155 -143.60488892 -175.47143555
   172.83418274   70.00863647 -123.48495483  182.45201111 -180.99606323
   191.41763306 -167.30508423 -173.05389404 -152.74176025  117.38499451
   258.7993927   253.24625397 -194.52056885  193.75760651 -176.10009766
    74.26878357   95.13250732 -159.65551758 -106.25823975 -174.59255981
   165.75686646 -176.15997314 -176.15997314  129.24302673  277.93211746
   278.87495041  285.82148361  281.5673027   281.5673027   150.2698822
   150.2698822   122.84458923 -109.98968506   46.97024536  191.41918945
  -156.94689941  281.5673027   281.5673027   112.40065002  192.86644745
   115.19132996 -117.05276489 -132.29904175  128.26756287  186.05317688
    89.40309143 -276.03179932 -276.03179932 -276.03179932  146.89137268
    46.1449585   147.79478455  139.16940308  139.16940308  160.13684082
    91.25502014  113.70718384 -101.22674561]
end
begin
 [4.73231812e+01  2.10500641e+01 -1.07096710e+01 -3.91172180e+01
  -3.91172180e+01 -8.13940735e+01 -9.47835693e+01 -9.65018616e+01
  -1.12344543e+02  5.64758148e+01  4.29172211e+01 -3.02241516e+00
  -5.00700684e+01 -5.69869080e+01 -8.46253357e+01  6.08614807e+01
   3.50988007e+01  1.53417664e+01 -1.21406860e+01 -4.41909485e+01
   8.16896210e+01  8.16896210e+01  8.21690369e+01  5.13634491e+01
   2.82071533e+01  1.69138489e+01  1.69138489e+01  1.58806610e+01
   4.87632446e+01  2.83367310e+01  1.05839233e+01 -3.96411743e+01]
 [1.72834183e+02 -2.63126709e+02 -1.23484955e+02  2.58863213e+02
   2.58863213e+02 -1.67305084e+02 -1.73053894e+02  1.68310135e+02
  -1.52741760e+02  1.50269882e+02  1.93757607e+02 -1.59655518e+02
   1.98057800e+02  1.91417633e+02  9.28086548e+01  1.12400650e+02
  -1.76100098e+02  2.15955727e+02  1.43553528e+02  1.91419189e+02
   1.28267563e+02  1.28267563e+02  1.46891373e+02  1.86053177e+02
   8.94030914e+01  2.02900452e+02  2.02900452e+02  1.38786301e+02
   1.60136841e+02  1.55509232e+02  4.61449585e+01  8.07492218e+01]
 [7.00352478e+01  3.59114685e+01 -9.17816162e-02 -2.23348999e+02
  -2.23348999e+02 -7.31062622e+01 -8.42961426e+01 -8.44618530e+01
  -1.13067871e+02  7.97623749e+01  6.18293304e+01  8.48890686e+00
  -2.90140076e+01 -3.67581177e+01 -8.19489136e+01  7.43509674e+01
   4.78699951e+01  3.28087769e+01  1.05906372e+01 -2.28143921e+01
   9.79630127e+01  9.79630127e+01  1.00371933e+02  6.90151825e+01
   4.94003601e+01  3.72915955e+01  3.72915955e+01  3.96183624e+01
   7.41580811e+01  5.54668579e+01  3.40979462e+01 -2.15646667e+01]
 [1.87780640e+02 -2.56369324e+02 -1.21002411e+02  2.72832027e+02
   2.72832027e+02 -1.78085907e+02 -1.86134338e+02  1.76531540e+02
  -1.67322083e+02  1.64511185e+02  2.08447594e+02 -1.56962189e+02
   2.09962852e+02  2.02807495e+02  9.36588440e+01  1.26015884e+02
  -1.67592590e+02  2.30460213e+02  1.54172348e+02  2.03403671e+02
   1.44812637e+02  1.44812637e+02  1.62601486e+02  2.00815514e+02
   1.01199585e+02  2.18758026e+02  2.18758026e+02  1.50359451e+02
   1.75813614e+02  1.68755707e+02  5.49806213e+01  8.63964386e+01]
end
