-185.858 -160.616 6.24393
58.2619 -45.8411 2.69813
133.281 -102.603 -16.6513
81.6463 71.2625 7.5887
128.348 63.3554 -2.34209
-4.46567 88.7444 25.6395
112.291 -9.27798 -7.26492
-17.9732 15.2936 19.6939
26.2167 8.67191 10.9408
408.898 -45.6022 49.8233
-102.46 -52.937 26.2585
-172.781 174.241 -50.99
-148.662 -121.154 20.7238
-150.203 -80.8807 4.19187
-115.107 -52.4859 28.6188
178.239 88.4862 -10.2518
32.5744 31.6585 12.2582
-236.933 -81.5646 -57.0849
-210.132 -118.792 -24.8102
-178.98 -108.911 -8.34295
-219.969 133.054 -86.6484
-134.457 103.261 -14.7188
370.91 -48.4044 -63.2245
353.213 -43.7178 -60.6112
-87.7093 -40.3452 33.5133
-25.203 -30.8622 19.1487
102.938 -55.5645 -7.29356
118.219 15.2486 -5.13978
73.0576 23.4932 3.7222
-12.6943 41.5504 23.2696
-78.1975 143.476 37.713
-58.5655 121.418 41.587
19.9932 -38.7566 10.1984
40.991 79.674 15.8064
-65.6671 -141.444 2.35009
-100.271 177.951 11.8163
67.2095 -1.07981 1.57027
